2147483647
3
6346642234.4266
5123
-424525
24525
622464
-2662442
-864557
8646453
3535
7558
3575373
-357
-6797679
5123
-424525
24525
622464
-2662442
-864557
8646453
3535
7558
3575373
-357
-6797679
5123
-424525
24525
622464
-2662442
-864557
8646453
3535
7558
3575373
-357
-6797679
5123
-424525
24525
622464
-2662442
-864557
8646453
3535
7558
3575373
-357
-6797679
5123
-424525
24525
622464
-2662442
-864557
8646453
3535
7558
3575373
-357
-6797679
5123
-424525
24525
622464
-2662442
-864557
8646453
3535
7558
3575373
-357
-6797679
5123
-424525
24525
622464
-2662442
-864557
8646453
3535
7558
3575373
-357
-6797679
5123
-424525
24525
622464
-2662442
-864557
8646453
3535
7558
3575373
-357
-6797679
5123
-424525
24525
622464
-2662442
-864557
8646453
3535
7558
3575373
-357
-6797679